Class membership probabilities and maxprob classification in training data:

                           acutior    confusa delicatula delicatula_14  interfixa teretiuscula predicted_class  actual_class
Du_Rietz_725d_L-124898  0.04467272 0.17903124 0.28454981   0.404717838 0.01867739   0.06835100   delicatula_14    delicatula
Nordin_7191             0.04140968 0.25505340 0.25590568   0.235042691 0.04222260   0.17036595      delicatula    delicatula
Thor_10264              0.06627665 0.23292341 0.46700918   0.194729164 0.01681736   0.02224424      delicatula    delicatula
Westberg_P108           0.06573849 0.28198592 0.45088408   0.142376215 0.02540683   0.03360847      delicatula    delicatula
Westberg_PAD262         0.02840582 0.22933633 0.30040887   0.297297035 0.02840100   0.11615094      delicatula    delicatula
Westberg_Paltsan_C84    0.04812556 0.27077269 0.40341366   0.194693827 0.02734154   0.05565273      delicatula    delicatula
Westberg_Hedenas_PL432a 0.06326178 0.33853421 0.35385850   0.109834490 0.04853566   0.08597536      delicatula    delicatula
Westberg_15_061         0.02774438 0.14115654 0.21488122   0.506501049 0.01613668   0.09358013   delicatula_14 delicatula_14
Nordin_5687             0.03412966 0.30031823 0.17630371   0.082881625 0.08402973   0.32233705    teretiuscula       confusa
Nordin_7387             0.07281936 0.27723222 0.23610296   0.182196110 0.05441393   0.17723542         confusa       confusa
Degelius_1948_L-60479   0.05987629 0.33854422 0.32459255   0.112820134 0.05391250   0.11025430         confusa       confusa
MS3870_C436             0.10944218 0.29490407 0.25910904   0.153281288 0.05478980   0.12847363         confusa       confusa
Westberg_ULR152         0.08042075 0.36236778 0.31232730   0.079928723 0.06325497   0.10170048         confusa       confusa
Westberg_ULR009         0.61318245 0.16261725 0.10130768   0.040068118 0.04369928   0.03912522         acutior       acutior
L-794772_Fiby           0.79052065 0.08122746 0.04965723   0.033291602 0.02366312   0.02163994         acutior       acutior
MS3209                  0.68331390 0.13328662 0.05881856   0.022747585 0.05246522   0.04936811         acutior       acutior
MS3047_C006             0.72702254 0.12784597 0.06224302   0.014167513 0.04304836   0.02567260         acutior       acutior
MS1281_C016             0.77472780 0.09319765 0.04364598   0.021401195 0.03532023   0.03170715         acutior       acutior
Hermansson_15200_C082   0.83046342 0.07687422 0.03013100   0.008390065 0.03374799   0.02039331         acutior       acutior
LD_1117062              0.03941050 0.05649386 0.02162248   0.008450598 0.79595837   0.07806419       interfixa     interfixa
teretiuscula_holo       0.03521103 0.14061759 0.05700466   0.103370366 0.06767677   0.59611959    teretiuscula  teretiuscula
C1237                   0.14908303 0.26012175 0.26679959   0.193769620 0.04173937   0.08848664      delicatula       confusa
C1239                   0.11171989 0.24979744 0.33077760   0.220412277 0.02991664   0.05737614      delicatula       confusa
C1233                   0.10277393 0.31031001 0.26465355   0.133313353 0.05861719   0.13033197         confusa       confusa
C1243                   0.17507993 0.26868036 0.24608247   0.163724761 0.04852293   0.09790955         confusa       confusa



Confusion matrix for original training set:

Confusion Matrix and Statistics

               Reference
Prediction      acutior confusa delicatula delicatula_14 interfixa teretiuscula
  acutior             6       0          0             0         0            0
  confusa             0       6          0             0         0            0
  delicatula          0       2          6             0         0            0
  delicatula_14       0       0          1             1         0            0
  interfixa           0       0          0             0         1            0
  teretiuscula        0       1          0             0         0            1

Overall Statistics
                                          
               Accuracy : 0.84            
                 95% CI : (0.6392, 0.9546)
    No Information Rate : 0.36            
    P-Value [Acc > NIR] : 1.134e-06       
                                          
                  Kappa : 0.789           
                                          
 Mcnemar's Test P-Value : NA              

Statistics by Class:

                     Class: acutior Class: confusa Class: delicatula Class: delicatula_14 Class: interfixa Class: teretiuscula
Sensitivity                    1.00         0.6667            0.8571               1.0000             1.00              1.0000
Specificity                    1.00         1.0000            0.8889               0.9583             1.00              0.9583
Pos Pred Value                 1.00         1.0000            0.7500               0.5000             1.00              0.5000
Neg Pred Value                 1.00         0.8421            0.9412               1.0000             1.00              1.0000
Prevalence                     0.24         0.3600            0.2800               0.0400             0.04              0.0400
Detection Rate                 0.24         0.2400            0.2400               0.0400             0.04              0.0400
Detection Prevalence           0.24         0.2400            0.3200               0.0800             0.04              0.0800
Balanced Accuracy              1.00         0.8333            0.8730               0.9792             1.00              0.9792



Average Shannon entropy across samples of training data: 1.950108



Class membership probabilities and maxprob classification in test data:

                                acutior    confusa delicatula delicatula_14  interfixa teretiuscula  testclass
L-062018                     0.01561461 0.05636651 0.01980839   0.004536580 0.82152894   0.08214497  interfixa
L-602621                     0.02292392 0.06000041 0.02156001   0.003640924 0.83272018   0.05915456  interfixa
acutior_lecto                0.64870390 0.12192006 0.05718825   0.048836439 0.04829903   0.07505232    acutior
cisalpina_iso                0.05277605 0.27828869 0.30758544   0.204484286 0.04026124   0.11660430 delicatula
delicatula_lecto             0.05828719 0.28745580 0.38528856   0.173232768 0.03245336   0.06328232 delicatula
interfixa_isolecto_S_F145773 0.01262897 0.10911137 0.07104616   0.008471461 0.75073962   0.04800242  interfixa
S-F145788                    0.01707555 0.10155245 0.06128244   0.007665360 0.76656151   0.04586268  interfixa



